0100001100010111110111001100000100101110010101000001110100000001100110110011110000100101110001101111
1001100001001011100100110011010000111010001001011000111010100100001101110011010101101101000100111010
1011010010100111000110011110110110010011100010001100100000111001101010000100110011111011001100001001
0101110101111101001101001111010001100001001110100001010011111010110100100110111010001011110100010011
1001110010000100001000101101110110111101101000010000110100101011001001111100110000001111010101000000
1111101100111101100111001111101001000110000111010001111100100111000101010001100001000011000110100000
0000111100011111111101011011111001000111000011001011010011001101111000101010111010000110100100000100
1111010000110101110111111110110101011001101101101111001110010110101010000001010010000100000010110010
0111000000011111001011000011010001110010111000011111111110111110011000010001101011101000110001110001
0010000111011010001001101000100010001111001001010000110111011110010011111011000011001001001111001000
0000110010011101010100101101001100011000101111100101010100100101010101001000011000100000101110000000
1101110011000111001110000111010000110111001011101000011100100110000010110001110101011011010100111100
1101001100111110100001110001011010100010110010101011010111010100101101000111101010010001100110110100
0011000001101010001001101100001010100100000110011000010000011010001011101110001110010000100101110100
1100101100111011100001110100001101001101111100000011000010111100001010000000000110010100010111010100
1000001000110010110011101001100100110010101110000111000101111101010011010001011010011000100110111110
0111011101011111100011110001001001010111110100110100111110010101011011001100111001010001010001111100
1011100100011100101101110001110111111111000100000010100101011101100010011111011001011010100111100100
1001011010000010010101111000101001001000110000001001111010000001111111111001100011000100000100101000
1110011110101101011111011111001110000010101100111011000011111111100001101111001100001100111111010100
1100111101100100110010011111001111101001000101101000101111100100100000010000101111100111100000101001
0000010001100100010101111111110101010010000100101001100001110011111001101110001001111110010110001001
1001011100001001011001111110001001000000000100111110101011111100001101010010000100001000010000011010
1000100101110001010111101101111011110010111100111100011101011011001111110110010011110110111111011110
0000001011101011101101110101011011100101000111110011100000100011010111011011110010110111010111010111
0110100000100100101100111100111000001000101001110001110111010001000101010100100000111101001111000101
0001001101101010010011110100101101001101011011101011011111101100001111101100010111010011101100010111
0101110110100010100110101011101110011000011001010010001100111110101000010011000001000001001101100001
1111011000011100001011001011100111100100000001110001011010110111010010101011110111100110000001110000
1010100000100111000101001001010011000000011001001110100111001110101001100000101110100000010111000001
1011111000111100100100111101001110110100010001110001101011101101001110010100110011000000001001001100
0010111011000111111001100011100000001001101000111101010001100110110101101111000000000110101011001100
0101011100010001010000110110011100111010000000010010110111010011111011111101010001111011010000011100
0101001100011111001111010110001010001101000010010101000000111011000110111010001010000001101101100000
0010001011011110001101110010010010111010101010101100011101101000111100001110100111011100001110011110
0001101001001001100001101001110100011110101011101100111000000100100011010000111000100110110000001110
0000101111000100001001011110011111100111111010010000001111111010101010011101001010000011100111011001
1000011101001101100000000101011110110111111011011101111001010100101001101011101011110001000111011011
1110011011111011110101100010101011110001100011111110110101011101100110100000001011110001111100001100
0110010110101011000011010110001100111101100000110000000110011011110011100111101100000000101010000100
1011101100000010011000010111111100010100011111001011010010010011110011001010101001100111011001111100
0011011100101010111000011101010010111010100101001110000011001000011101111001001110011110111001100100
1100110100110111001111001100001100101011010011110011001101110100010111001010111111100001011100111101
0001100000000110000111110101011010001011001111011011001001011111011101111001111111000100110110000000
0000110000001000000110011111000101100100101001011000110001010000110011110000011001000010111110011110
0000101010000101100111000110010110001001010101011000010011100011011100100011000111100111000111100100
1110001011011011110001100110110111100111011000110001000110011110100001001001111011101100000100111010
0011001100000101011100110111100001100100111110001100110011101110100101011001001101110111101011111000
1000010101000001000011011010111101111101000010000111001101010001101001100011010111011110011001010111
1110101000100000000110000001011100000010110000010111000001010110011010011110101111010010010110001011
0011100100111110111111100010110011100000110010110100011110110100011100010001101101010111000101010100
0001001000100001010001100001001010101000001100111000101001111111011010010101111011101000001000111010
1001011110001000001110001001010110001001100110011101001000001000110100001010000111110010001110001100
0100111010100100000100000110011100100000001111001000010111111101100011111011000100010101101001000010
0001010001100111110011111100101010000100000010000100001000010111111110100110011111011001110011110010
0011101001100100101001101011010011111001011010000000111000111110000110101011101000000011111011101000
0000000110010000111101010011010001101000101011111101010111100010000000011111110110010101111111001110
0011100001011111110100100100011101000000001000010111011001100111010001011011011011010110110010000100
1011111100111100111001011111011001111011011111101011010100111101100000101000011101001101011001100111
1010101101010000111000101111000001001001100100111111000011101100001011011010100100101010001001111100
1001000101001010111111001100011010101100110100001100110001110111101110101001110110101101110100111000
1101000010110010000101010110010100101011110111010011011000100000110010101110010001110011001010101011
1100100100110000000011001011001011011101011101101010111010111001001001001100101100010011010100010000
0110011111001101110011011111011101100011101111011111010001100101011110110000001110000001101000001100
1100011011010000101001110010100011001011100110100111101001001001101111110110111001111011100101001111
1001011111001111010000001100101101001110100110001100001011011011100001111011011110000110101100000111
0110111010011110101100101000011000011101100010001110100010011110101100101100010101001100011110010001
1001001110011011001101101111111011100101100011111001000101100101111000010101110011111111000001011000
0101110010111010101101011110101011111111011111011100101101000011110110101010110100101011111000011100
1101111111111010011010111100111011011100010000100001011001100111010110110000011001100010101110110111
1001111111100010110110011001100000011001110101100100111000010010111010110111110000111001010010010101
1010100100010010000000001110100100011010000010011001010110101100011100101101011101011011011100010010
1101100110000010101111111011111111000111010000101101101101110101110000101001001111000000000001101000
0100000001111001000001000001011110011111000101111001010111011111101001101000000101100100010001010010
1100000001110001011100110100010010110100101000001101110101010101101010110011111110111001110111011010
0110101101000110001010111100110110010101011101010001100111001101001001110110110100101100000010001000
0100110100110110111101111011100001011110010111001010101101011111110011000001000101111000111111110111
0101010100100110001110000011111011010101100101011101100000001111001000001101010001001001111010111010
0000011101000100100100011010111010101000111010011101000110111011001001010011100010101000100010101001
1010001011101111011010000010011001101011000000010010011010000011010011011100100110001010010110110110
0010101010110001010100000100100110001110111011010110010001001110111001010100001110111100110000001001
0001000011101000010100111001110001101101000001111011011000110011001110110110011011010110011111001001
1010110101111001111010010100101101011110100010011011101010100100101101011110010011010001001110100101
1101011011100011101101110110011111110000111111110011100001001110000100010001111110011011000100100011
0110010011011101011101100110110101001001100110000000101010001110101111001110111010011010111000110101
1111111000101001101101110110111001110100011000100001001111110011000011101110011001111011100111011101
0111101111110001011011011001011001110100001100111101011011110100010101100001010110100101001111100011
0101111111110010000001101110011010100100100010011101001000000001101010011100100000111110111000001010
0010110100101000001101011100101100100011100110010001100101110100101101101101011111111111100001110011
1011100111110110011011010010111000100100111011010101011100010110011010000000001010001111111111011000
0101001111010011101110000100101011101001000101110100010000110011011000110111001100010010010110010110
1111000101010010001100010101111101110101100110011111101100000111010001110010101110111000111111111000
0001100010100001001110001111111010001110100101001010111010111110000011111111111011111000111001101111
0100111010111010101000010101110101000110011101110011101011111000110100000001001010101000011000000001
0001101110100000110001100011011101101111100001001100101001011111011100110101101100101001001000001010
0111000101100110100110001000011000001111001101000010100101011000000011101110011000011000110011100011
0111010110011111101000001000011111100001010111110001011010100101101100010001111001101100010010000100
0011110101000100111001001010111001011001110110110011111100110000110101110010000010100000010010110000
1001100111100100011010000000111001101100110110100110011101000000000000100110001010111100100110111011
1001100011000100001011101100111101000010001100111001000110100111100000101011000000000010001011110001
