9095038538032151652681998977369303371860382784663989154767354857612409946542113694396293212234224046
8988430461894168939326824323681183709717828388357996878058063017247985995951575546346442483830806990
7617266440125328296184573184012555210237308908884946493426357102709910556884530727941591260798299266
7737207856971998686044435722644206478207067972167847023979966255974886856491958890222561785378599450
7015296992660843527603308074697028228373460843748388000539562520593010799776654333747852040910877861
8910861379422483219089482914372696187082654035053885474318807264638235437167747906251174697233404986
6194293192513133579676681832312054004143258876090924354258999638597859465288535771899911519471570350
0141471391108258893498308911631125198214261762277415311460593187731282394697245901636648834377188822
0663993370349375358394258665755361703346224199557809504228016414540377154902737716407143618356259447
4307765654493716422540052728825597878060258016803462422685187601236653921813180054618320384151444314
9128899097071687068727961167331858566257483483986375814847202570906213460989454094853212433014364571
7533585298268726472299701148975770340683285814948905627785045550169418775990211827109253160296241634
0962591206248145357345902226699921009289393351172269808338269343955509399950256672937255947710646356
5571241500431064637215977021922042865434938006278714936832898569888286637771902676913684082926635057
4046485902294033050225093067711194481822968342925590451973219371116475554425998168446466691211639908
5861524793616396991517024055745040609705613219862680068287514895836235438666587816822292984520674268
2847821945662220620569969538274421704716718977645586507826665983272347144709318543910600681161425710
3970573494905545966366681143763503402098302394649874251013389605742764648823380134538609137397468569
8856680531406873147689259350802029660000167935137835130260203104208999409934975463833443130692002784
4847599250487862531214954353174957556304283747674868911056628406267586542500822460032316347953566528
6462879802907382150356011355875240844405665161118354927943348532431532583890663518422179778165151752
8519833762863845762741707836597187776948693203871664551161301288209248618373290512295491612056066923
7845981843936552285671598845612446924530633963020066440816443310634998552877386849927369891334977586
1318991643290141766825296301851881099492460425772983236849515826969566772445889721109577836563974043
0685227423610286228215847268280742780663824379427913266777757511526220314068311641204212248059933758
9830004457403225340027129216147140694202778857529380222946903888907807088480665392413259799363154510
9752352583302738904644242196569821451990314349928995739077036874103514026113939737897755406182342324
4639082982653107735868612493072135017790487954301295520954086982380013764021536695838294922676443380
5711615291153862518625611577983721256897902698566411069785237548092367660506047043267690001783638984
4181661723329082766333371782581444186035933114946818372754337709171303930464410929368178200747926269
5769596646121005365156771841696079329740004297752199784936975453800109534918694734040677940695366025
5648011297431024313530555995387950232965116253117033338374816755181514526245033836601533985001336959
6468052754088905467002281886351149850904587367405451660864944363586580561483709150483035160539929741
8629410023849761424102104021304221475729704297350577269686515581338104159505842560415212624509431020
6994233941685112928015122050405014564083027926036664681389265535239969775344893031192096714486434605
2461201554741706978715288794906825400306605560209141598178458310488228788352131930069707913742854920
9563452164563980680120052026655632269567619914097803094848552390046026427021012097028722440470507758
3895721849910347274349934158958296164133619720370042934733622585534301514337045353681329731168473282
2715948056147168648524308224804853615504019777161121727279466670107398605122066742775436207022839320
3261232842102471589098149456067860731665039927881809470560412135610601993758651127779949373184883548
2978435584498549691253417709737202162808295038325317433043014734617566935528942614807366487955906005
4922577378356822525752773152315312555924718302448272143538434162856658693552694912510322700483089970
9859129355929452323199639895175459277390517508059358430284032209912150954504845749065175997532671401
2236027240602340567860708193153203536437400170564188502337890615652223928892028369943874174343853181
3942914532700994610254145859550552743612078907332230118731337645482022902873624173518758570230873834
8721019274723366119347990556227533408362578016417808470625250188283857389959860803629573035310577846
4417958112238802321825952432398871225635650589930556511759839196344330281983010593674780402126840149
6773631319277432606270429253789435197190239982036964870996523008586485307659156439625878517589503021
4271843592288632319894647319726385926379894648788836431189626058438724210939634874975395395560554727
6348654376142285168044058063230627394555381629400459963481382131840248013426271997137587764161950788
2778351045890842755553796286751509430202815419973472694821024833501695658541429988303642680356071389
1494070294011665283453233637003197769781503519887690268102623677941900139132577013113813354996463010
8083922102468412807154405876527094386372741037604219863655471980568143194765072818151595777728660891
8895916984383395551878203023654412292837354053195402318417252743221327131730098869577266208566597243
1580467676659848819658314670737303345071485407166270295974235123845836373923445729194144470161642230
7481909688077653052032286563373322867721032668064072750847631400428409151378569297174675801590532559
4901989161194242745033874273998904717010472329965294935350037944609291439602197082603210836191705785
0522124032523895321078684538504793483560363408860219709303391086024216679914992850397410176140799218
6002045379505795149990501470642200404727490195564579639651669425560007733259325940946111410353953003
7826330966146278282589988134824358146486285442148569367732923495928530407318864084232458704433213782
3793136234646361984336435642681931212760820077818201125152062500552641041509186282833687329063072887
6541131988787268574947618521626923761867211683572431043795695168579277756619566843306001019037559864
4791125963974949939476366055358204542451506124454058240672899210584170026724219100411267875024223950
9504324770433932305410267779379342887118563399575040065530050832938851215337801560958515573186178481
7088210452209464205428462823355278018213281573527082257405330823815841964156015185506968604273249081
4058265900475689186959602090045807409571823931362742916384016919138480539078334008282834067054397048
5580148373190603522776703643224085399373916060122478977896034683280286853287597510199504799543520848
6400299643874661974772615378724759533937840453350358612783658361662942968458669457247795593252371416
5725954938736128424449285206919926426471698656171573966178498603353263774377027683809720968654784606
1390458622535455449230177708601947035136591654364886964329737838380284315615728334954387602602519508
1061753938558816821039307986182666535564475239750647219976084197233886822766718778158765439122742764
3254347940496025528736339683674786063980760180913766877093767617719655400973043230420544710776492358
3602324354475385179471691623099678049228510528446159470029239103885572979983887969107078808580721265
2606766898131782208815070454410960174773937485532354974885370005151686442771130831766837918660113765
3489581375793438295055456482479658876990419059279633163949484263005255189173477678470779667981333191
1354343956349079630930504866492584473571209846369138163600637829139805630758587571412477369437880676
8666302591925347696820652154487316375012581093133031536993313858842616035220871736182523099568478701
9766222571225494520245375961391845528717456062014119607253252749405440866138389008983877461145914775
0119005437035499209376156682990931647886895242277991683731164039822674269455593563463645232318341472
5745740999783946454251467288461441484165791743710304371860656227531771356782181572914439597298428112
6211506610995319358646880341074020938595253528561936141147766513136318855777417364050571400825063501
8506465961961482799968096975174713129038380907560183666091694744974939372858663675584575729562503880
9634253875130441711147777151950692667877901054235130052705481039648977122757191412071750436047683590
4458644367587576345420623631996338931788705367721679099283585429829942690654478842020632519363720713
6914901329792761973307496814703295687607287506708826719240069261628869807770901314695444219057221620
0627505000507840022834522184017583695432582013694230844733552299661269482562621235081095103368621459
2257986019596235440326569880900109001751773537993267347750281125936712240062442802638703070663249106
0377858139506398403208928578355400187151012474109824056943873621671329929244815925681625865710813817
1508416161092783735747535642947962358567362281224095326557291893204022580799565118276551885246980420
4243360778260324293443597242288759036729484962338531598616225031457493326963407481991177121226705720
3311282611432098953120068769684316767205411543165180699488670796180385105630617727014199563430700674
2371197122366401560913529245246896868895936943246017873367309916721891996275696057151428986165522644
5402121310641748594335040871892527531999877254783416628466724268491066122956200090713579422621725428
3043031608672961846995001664614805399181073204071705564827818550908399160424213636852708905540974862
9067829217152128038724807307531840577637558253535226841577148291762465721799261671486836235546974871
9604310841416617290805557378842736720917379458945089005412329497615197504824154524706363700516886948
3692309056538531985662149412705491892365236617917996990705729782678440393854379838086406298623319222
6640139211473209840686125619055247304078231496410492926129551145232744855792579737456381221739160784
0101646188003811800884918154511824793772942107775238760197793518181246775047266192698672158757637985
9077636885326551578742029238306206992637468885432600326783202402277536412875280035006446467706983332
